     [38;2;0;0;0m.  .. .....................................................................................................................................................................  ..[0m
[38;2;0;0;0m.      . ........ ..................................................................................................................................................................[0m
         [38;2;0;0;0m................[38;2;16;16;16ml[38;2;0;0;0m^...........................................................................'..........'.........................'.............'[38;2;16;16;16ml[38;2;0;0;0m`........................[0m
[38;2;0;0;0m.   ..   ...............[38;2;16;16;16m;[38;2;32;32;32m>[38;2;48;48;48m?[38;2;0;0;0m...............................'.......................'''.............'...'.........'..........'''''.........................[38;2;32;32;32m<[38;2;16;16;16m:[38;2;32;32;32m<[38;2;0;0;0m....... ................[0m
[38;2;0;0;0m.  .... ................[38;2;32;32;32m!![38;2;48;32;32m~[38;2;32;32;32mi[38;2;0;0;0m.................'....................''.'.........'.''......'.............''''.......'......'.....'............'...........[38;2;16;16;16m,[38;2;32;32;32m>[38;2;16;16;16m;[38;2;48;32;32m~[38;2;0;0;0m........................[0m
[38;2;0;0;0m. ...  .................[38;2;16;16;16mI[38;2;48;48;48m?[38;2;16;16;16m;[38;2;48;48;48m][38;2;0;0;0m^...................................'...'............................''''....'........'.......'''..'...........'.''......'.'[38;2;48;48;48m-[38;2;16;16;16m;[38;2;32;32;16m![38;2;48;32;32m+[38;2;0;0;0m........................[0m
    [38;2;0;0;0m.    ...............`[38;2;64;64;64m1[38;2;16;16;16m:[38;2;32;32;32mi[38;2;80;64;64m([38;2;0;0;0m'......................................................................'...........................................'..'..'[38;2;48;48;48m][38;2;32;32;32m![38;2;16;16;0m"[38;2;48;48;48m-[38;2;16;16;16mI[38;2;0;0;0m................. ......[0m
    [38;2;0;0;0m...   ...............[38;2;64;48;48m[[38;2;16;16;16mlI[38;2;64;64;64m{[38;2;80;80;80m\[38;2;0;0;0m....................................................................''..........''.......'...........................'''[38;2;64;48;48m[[38;2;48;48;48m-[38;2;16;16;16m,:[38;2;64;64;48m}[38;2;0;0;0m'......... ..............[0m
    [38;2;0;0;0m...... ..............[38;2;16;16;16m:[38;2;48;48;32m+[38;2;16;16;16m:[38;2;32;32;16mi[38;2;80;80;80m/[38;2;96;80;80mf[38;2;0;0;0m`..................................................................''''................'''.''.....''............'''''`[38;2;64;64;64m1[38;2;64;48;48m[[38;2;16;16;16m;[38;2;16;0;0m"[38;2;32;32;16m![38;2;32;32;32mi[38;2;0;0;0m.........................[0m
     [38;2;0;0;0m.....................[38;2;32;32;32mi[38;2;16;16;16ml[38;2;16;16;0m,[38;2;32;16;16ml[38;2;64;64;64m1[38;2;112;96;96mu[38;2;32;32;32mi[38;2;0;0;0m............................................''....................'''.....'......''.....''''..''''..........'.''''[38;2;32;16;16ml[38;2;80;80;80mt[38;2;48;48;48m?[38;2;32;16;16ml[38;2;16;0;0m"[38;2;16;16;16mI[38;2;32;32;32m~[38;2;0;0;0m..........................[0m
[38;2;0;0;0m.      . .................'[38;2;32;32;32mi[38;2;16;16;16m;[38;2;16;16;0m"[38;2;16;16;16mI[38;2;48;48;48m-[38;2;112;96;96mn[38;2;96;96;96mx[38;2;32;32;32m<[38;2;0;0;0m'''....................................'''''''''''''.''...'..''''`''''..'''............'''....'............'''[38;2;32;32;32mi[38;2;80;80;80m\/[38;2;48;32;32m~[38;2;16;16;16m:[38;2;16;0;0m^[38;2;16;16;0m,[38;2;32;32;32m<[38;2;0;0;0m`..........................[0m
[38;2;0;0;0m.  .  .. ..................'[38;2;32;16;16ml[38;2;16;16;16m;[38;2;16;0;0m"[38;2;16;16;0m:[38;2;48;32;32m<[38;2;80;64;64m)[38;2;128;112;112mYY[38;2;80;64;64m([38;2;16;16;16mI[38;2;0;0;0m'.................................'''[38;2;16;0;0m"[38;2;32;16;16ml[38;2;48;32;32m~~[38;2;64;32;32m_++[38;2;48;32;32m+[38;2;48;32;16m<i[38;2;32;16;16mlI[38;2;16;0;0m"[38;2;0;0;0m''..[38;2;16;0;0m"[38;2;32;16;16mI;I![38;2;48;32;16m><[38;2;64;32;16m+[38;2;80;48;32m}][38;2;48;32;32m~[38;2;48;32;16m>[38;2;16;0;0m^[38;2;0;0;0m'''.''...........''..................[38;2;16;16;16m:[38;2;64;64;64m}[38;2;96;96;96mx[38;2;96;80;80mt[38;2;64;48;48m[[38;2;32;32;16mi[38;2;16;16;0m,,:[38;2;32;32;16m![38;2;0;0;0m`...........................[0m
          [38;2;0;0;0m...................[38;2;16;16;16m:[38;2;16;16;0m:,,[38;2;32;32;16m![38;2;48;48;32m_[38;2;96;80;64m/[38;2;112;96;96mv[38;2;144;128;128mO[38;2;144;144;128mO[38;2;112;112;96mz[38;2;64;64;64m1[38;2;32;32;32m<[38;2;0;0;0m"''.......................''''[38;2;32;16;16m;[38;2;64;48;32m--[38;2;80;48;48m{[38;2;64;48;32m-[38;2;64;32;32m__[38;2;48;16;16m![38;2;16;16;0m:[38;2;16;16;16m;[38;2;32;16;16m;![38;2;48;32;16m<>[38;2;32;16;16mi[38;2;48;32;16mi[38;2;48;32;32m_+~[38;2;64;48;48m][38;2;48;32;32m~[38;2;48;32;16m>[38;2;32;32;16mi[38;2;32;16;16m![38;2;32;32;16mi[38;2;32;16;16mI[38;2;16;16;16m:[38;2;32;16;16m![38;2;48;32;16m>[38;2;64;32;32m-[38;2;80;48;32m?][38;2;96;64;48m(([38;2;64;48;32m?[38;2;16;16;0m,[38;2;0;0;0m''''..................'.....'`[38;2;32;32;32mi[38;2;64;64;64m{[38;2;96;80;80mt[38;2;128;112;112mY[38;2;112;112;112mz[38;2;80;80;80m\[38;2;48;48;48m?[38;2;48;32;32m<[38;2;16;16;16mI[38;2;16;16;0m,:,[38;2;16;16;16m;[38;2;0;0;0m'............................[0m
[38;2;0;0;0m.     ........................^[38;2;16;16;0m:,":[38;2;32;32;16m![38;2;48;48;32m_[38;2;96;80;48m|[38;2;128;112;80mc[38;2;144;128;112mQ[38;2;176;160;144mk[38;2;192;176;160mYC[38;2;160;144;128mq[38;2;128;112;112mU[38;2;96;80;80mj[38;2;96;96;80mj[38;2;80;64;64m)[38;2;64;64;48m{[38;2;48;48;48m-[38;2;32;32;16m![38;2;16;0;0m"[38;2;0;0;0m'..'.........'''''[38;2;32;32;16mi[38;2;80;48;48m{{[38;2;80;48;32m{}[38;2;96;64;48m)[38;2;80;48;32m}][38;2;64;32;32m+_[38;2;48;32;16mii>[38;2;48;16;16mi[38;2;32;16;16mli;;II[38;2;16;16;0m,[38;2;16;16;16m;[38;2;32;16;16mlIl![38;2;48;32;16m><[38;2;64;32;32m+[38;2;64;48;32m?[38;2;64;32;32m_+[38;2;80;48;32m}[38;2;96;48;32m1[38;2;80;48;32m?[38;2;64;32;32m_[38;2;80;48;32m][38;2;112;64;48m/[38;2;96;64;48m1[38;2;32;16;16m;[38;2;0;0;0m''''''''''......''[38;2;16;0;0m"[38;2;16;16;16mI[38;2;48;32;32m~[38;2;64;64;48m[[38;2;80;64;64m)[38;2;96;80;80mt[38;2;96;96;96mx[38;2;112;112;96mc[38;2;128;112;96mz[38;2;160;144;144mp[38;2;160;144;128mm[38;2;128;128;112mCC[38;2;112;96;80mn[38;2;80;64;64m)[38;2;48;48;32m_[38;2;32;32;16m![38;2;16;16;0m::,:[38;2;16;0;0m"[38;2;0;0;0m..............................[0m
[38;2;0;0;0m.   ...........................'[38;2;16;16;0m,;;,[38;2;32;16;0mI[38;2;48;32;16m<[38;2;64;64;32m[[38;2;96;80;48m\[38;2;112;96;64mx[38;2;128;112;80mY[38;2;144;128;96mC[38;2;160;144;112mOm[38;2;192;176;144mO[38;2;192;176;160mG[38;2;192;176;144mC[38;2;176;160;128md[38;2;176;160;144mk[38;2;160;144;112mO[38;2;160;128;112mO[38;2;176;144;128md[38;2;144;128;112m0Q[38;2;144;112;112mJ[38;2;128;112;96mc[38;2;128;112;112mJ[38;2;128;112;96mz[38;2;112;96;80mu[38;2;128;112;96mX[38;2;112;96;96mv[38;2;96;96;80mr[38;2;96;80;80mjj[38;2;96;96;80mr[38;2;96;96;96mr[38;2;96;96;80mr[38;2;96;80;80mf[38;2;96;80;64m/[38;2;80;48;32m[[38;2;48;32;16m~[38;2;64;32;32m+[38;2;48;32;32m+[38;2;48;32;16m<[38;2;64;48;32m?[38;2;80;48;32m[[38;2;96;64;48m1[38;2;80;48;32m[??[38;2;64;32;32m-__[38;2;48;32;16m~><i[38;2;32;16;16mlIi[38;2;48;32;16m>[38;2;32;16;16m![38;2;64;32;32m++[38;2;48;32;16m<~[38;2;64;32;32m_[38;2;80;48;32m?}}[38;2;96;64;32m1[38;2;96;64;48m(|[38;2;96;48;32m{[38;2;96;64;48m)[38;2;64;32;32m+_[38;2;80;48;32m[[38;2;128;80;64mj[38;2;128;96;80mv[38;2;112;96;96munn[38;2;112;96;80mx[38;2;112;96;96mx[38;2;96;96;80mr[38;2;112;96;96mnv[38;2;112;112;96mz[38;2;112;96;96mv[38;2;112;112;96mc[38;2;128;112;96mXzYX[38;2;144;128;112mO[38;2;160;144;128mm[38;2;176;160;144mk[38;2;144;128;112m0[38;2;160;144;128mw[38;2;144;128;112m0[38;2;128;112;96mz[38;2;144;128;112mC[38;2;144;128;128m0[38;2;144;128;112mLL[38;2;112;96;80mu[38;2;80;80;64m|[38;2;96;80;64mf[38;2;80;80;64m\[38;2;64;48;32m][38;2;32;32;16m>[38;2;32;16;16mI[38;2;16;16;0m:::,[38;2;0;0;0m'...............................[0m
[38;2;0;0;0m.......... .....................''^[38;2;16;16;0m:[38;2;32;16;0mIl[38;2;32;32;0m![38;2;32;32;16m>i[38;2;48;48;16m+[38;2;64;64;32m}[38;2;96;80;48m/[38;2;128;112;80mXX[38;2;112;112;80mc[38;2;128;112;96mY[38;2;144;128;96mQ[38;2;128;112;80mXz[38;2;112;96;64mr[38;2;128;112;80mc[38;2;96;80;64mj//[38;2;96;80;80mj[38;2;112;96;80mn[38;2;96;80;64m/[38;2;96;80;80mff[38;2;80;64;64m([38;2;80;80;64m|\[38;2;80;80;80m/[38;2;80;64;64m|[38;2;64;64;64m{[38;2;64;64;48m}[38;2;80;64;48m1[38;2;80;48;32m?[38;2;48;32;16m>[38;2;64;48;32m-[38;2;48;32;16m~[38;2;64;48;32m-[38;2;80;48;32m[]?[38;2;64;32;16m+[38;2;64;48;32m?[38;2;80;48;32m}{}[38;2;64;32;32m_[38;2;48;16;16mi[38;2;48;32;16m<[38;2;64;48;32m-[38;2;48;32;16m~[38;2;48;32;32m~~[38;2;48;32;16m>[38;2;32;16;16m![38;2;64;32;32m+[38;2;80;48;32m[[38;2;64;48;32m-[38;2;80;48;32m}{[[[38;2;64;32;32m_[38;2;48;32;16m<[38;2;64;32;32m_[38;2;80;48;32m}}}[38;2;112;80;48mt[38;2;80;48;32m{}][38;2;64;32;16m~[38;2;80;48;32m][38;2;112;80;48mt[38;2;112;96;80mx[38;2;96;80;80mjf[38;2;112;96;80mx[38;2;96;80;80m/t[38;2;80;64;64m([38;2;96;80;64m//[38;2;80;64;64m()[38;2;80;64;48m1[38;2;80;64;64m)[38;2;80;64;48m1(([38;2;96;80;64mf[38;2;80;64;48m|[38;2;96;64;48m|[38;2;80;64;48m|[38;2;112;112;96mc[38;2;128;128;96mU[38;2;128;112;96mY[38;2;112;112;96mz[38;2;112;112;80mc[38;2;96;96;64mr[38;2;80;80;48m\[38;2;64;48;32m]-[38;2;48;48;32m-[38;2;48;32;16m>[38;2;32;16;0mlI[38;2;16;16;0m:[38;2;16;0;0m"[38;2;0;0;0m'.................................[0m
[38;2;0;0;0m.....  .......................'''''''^[38;2;16;16;0m,:[38;2;32;16;0ml[38;2;32;32;16m>[38;2;48;48;16m+[38;2;64;48;32m?[38;2;48;48;16m-[38;2;64;48;32m]]][38;2;64;64;32m}[38;2;48;32;16m~~<[38;2;64;48;32m-?[38;2;48;32;32m++~~~[38;2;48;48;32m__[38;2;48;48;48m???[38;2;64;48;48m[[38;2;48;48;48m-[38;2;64;64;48m}[38;2;80;64;48m{[38;2;64;48;32m-[38;2;64;32;16m~[38;2;48;32;16m~>~[38;2;64;48;32m?[38;2;64;32;32m_[38;2;64;48;32m-[38;2;80;48;32m][38;2;64;32;32m_[38;2;48;32;16m>[38;2;32;16;16ml![38;2;48;32;16mi[38;2;64;32;32m__[38;2;64;48;32m--[38;2;48;32;16m~[38;2;64;32;32m+[38;2;48;32;16m<i>[38;2;32;16;16m![38;2;48;32;16m>~[38;2;80;48;32m[[38;2;64;32;32m__[38;2;64;48;32m-[38;2;80;48;32m[[38;2;80;64;48m{[38;2;80;48;32m[[38;2;64;32;32m+[38;2;48;32;16m~[38;2;64;48;32m--[38;2;80;48;48m}[38;2;64;32;32m+[38;2;64;48;32m?[38;2;80;48;32m[[38;2;64;32;16m+[38;2;64;48;32m-[38;2;80;48;32m}[38;2;80;64;48m1[38;2;64;48;48m[[[38;2;64;64;48m}[38;2;48;48;48m-[38;2;48;48;32m+[38;2;48;32;32m+[38;2;32;32;32m>>>[38;2;32;32;16m!ii[38;2;48;32;16m<[38;2;64;48;32m-[38;2;64;48;16m-[38;2;80;64;32m}[38;2;48;32;16m+[38;2;64;48;32m[[38;2;80;64;48m))[38;2;64;64;48m{[38;2;64;64;32m{[[38;2;64;48;32m?[38;2;48;32;16m~<[38;2;32;32;16mi[38;2;32;16;0m;[38;2;16;16;0m,[38;2;0;0;0m^'....................................[0m
[38;2;0;0;0m.....  . .....................'''...''''`^[38;2;16;0;0m"[38;2;16;16;0m:[38;2;32;16;0ml[38;2;32;32;0m![38;2;32;32;16mi[38;2;32;16;0mI[38;2;32;32;16m![38;2;16;16;0m:[38;2;32;16;16ml[38;2;16;16;0m:"",,,,:[38;2;32;16;16mI[38;2;16;16;16m;;;[38;2;32;32;16m!i>[38;2;48;32;32m<[38;2;48;32;16m~~<i<[38;2;80;48;48m[}[38;2;64;48;32m?[38;2;80;48;48m[[38;2;64;48;32m??]-_][38;2;48;32;32m+[38;2;32;16;16m![38;2;48;32;16m<>[38;2;32;16;16m![38;2;48;32;16mi[38;2;32;16;16mI![38;2;32;32;16mi[38;2;32;16;16ml![38;2;48;32;32m~[38;2;64;32;32m_[38;2;64;48;32m-[38;2;48;32;16m>[38;2;48;32;32m~[38;2;48;32;16m~[38;2;64;48;32m][38;2;80;48;32m[[38;2;80;48;48m}[38;2;64;48;32m?-[[38;2;80;48;32m[[[38;2;64;48;32m][38;2;80;48;32m[[38;2;64;32;16m~[38;2;48;32;16m><[38;2;64;48;32m_[38;2;48;32;32m<[38;2;32;32;16m!i[38;2;32;16;16mIl![38;2;16;16;16m;[38;2;16;16;0m,,::[38;2;16;0;0m"[38;2;16;16;0m;[38;2;32;16;0mI[38;2;16;16;0m,,[38;2;32;16;0m;l[38;2;32;32;16m>![38;2;32;16;0mIlI[38;2;16;16;0m;[38;2;16;0;0m"[38;2;0;0;0m``...........'............................[0m
[38;2;0;0;0m..     .......................'...'.''''....''`^[38;2;16;0;0m""^"^[38;2;0;0;0m``^^`````^^^[38;2;16;16;0m,[38;2;32;16;16mI[38;2;48;32;16m<[38;2;32;16;0mI[38;2;48;32;16m>[38;2;64;32;32m_[38;2;80;48;48m}[38;2;96;64;48m)[38;2;80;48;48m}[38;2;80;64;48m)1[38;2;64;48;32m?-[38;2;80;48;48m}[38;2;64;48;48m[[38;2;48;32;32m~<[38;2;32;16;16m![38;2;32;32;16m>i[38;2;48;32;16m>[38;2;32;16;16mlI[38;2;32;32;16mi>[38;2;16;16;16m:[38;2;32;16;16m![38;2;48;32;32m~~[38;2;32;16;16mI[38;2;32;32;16m![38;2;48;32;32m+[38;2;32;16;16m![38;2;32;32;16mii[38;2;48;32;16mi[38;2;64;32;32m_[38;2;80;48;48m}[38;2;80;64;48m)[38;2;64;48;32m?[38;2;80;64;48m1[38;2;96;64;48m|[38;2;80;64;48m)[38;2;80;48;32m[[38;2;64;48;32m-[38;2;48;32;16m<[38;2;32;16;16ml[38;2;32;16;0m;[38;2;16;16;16m;[38;2;16;0;0m""^[38;2;0;0;0m```````````[38;2;16;0;0m^"[38;2;0;0;0m^^`'......................................... . ..[0m
[38;2;0;0;0m.       ........................''...........'`[38;2;16;0;0m"""[38;2;16;16;0m,,,:[38;2;16;16;16m;[38;2;32;16;16m;;[38;2;16;16;16m;[38;2;16;16;0m,[38;2;16;0;0m"[38;2;0;0;0m```^[38;2;16;0;0m,"[38;2;32;16;0m;[38;2;48;32;16m>[38;2;48;16;16mi[38;2;48;32;32m><[38;2;64;48;48m][38;2;96;64;48m([38;2;80;64;48m{[38;2;48;32;32m++~~[38;2;32;32;16mi[38;2;48;32;32m<[38;2;32;16;16mI[38;2;16;16;16m;;;[38;2;32;16;16mI[38;2;16;16;16m;[38;2;32;32;16mi[38;2;48;32;16m>[38;2;32;32;16m![38;2;32;16;16ml[38;2;48;32;32m<[38;2;48;32;16m<[38;2;32;32;16mi[38;2;32;16;16m![38;2;16;16;16mI[38;2;16;16;0m,[38;2;32;16;16m;l[38;2;32;32;16mi[38;2;48;32;16m<<[38;2;48;32;32m~<_[38;2;64;48;32m-[38;2;80;64;48m1[38;2;64;48;48m[[[38;2;48;32;32m+<[38;2;48;32;16mi>[38;2;32;16;16ml[38;2;16;0;0m"[38;2;16;16;16m;[38;2;16;16;0m,[38;2;16;0;0m^[38;2;0;0;0m^[38;2;16;0;0m"[38;2;16;16;0m,:[38;2;16;16;16m:[38;2;16;16;0m::,,[38;2;16;0;0m""[38;2;16;16;0m,,[38;2;16;0;0m"""[38;2;0;0;0m`.........................................  ...[0m
[38;2;0;0;0m...... ........................'...........'[38;2;16;16;16m::[38;2;16;16;0m,[38;2;16;0;0m^","^[38;2;0;0;0m``''`[38;2;16;0;0m^[38;2;16;16;0m,[38;2;32;16;0m;;[38;2;16;16;0m::[38;2;32;16;16mI[38;2;16;16;0m,[38;2;0;0;0m^[38;2;48;32;16m>[38;2;48;16;16m![38;2;16;16;16m;II[38;2;48;48;48m-[38;2;80;64;48m{[38;2;64;48;48m][38;2;64;48;32m-[38;2;48;32;32m~[38;2;32;32;16mi[38;2;48;32;32m~<[38;2;32;32;32m>[38;2;32;16;16m![38;2;16;16;16m::[38;2;32;16;16mIl[38;2;32;32;16mii[38;2;32;16;16mII[38;2;48;32;32m<[38;2;64;48;32m_[38;2;48;32;32m~[38;2;48;32;16m>[38;2;32;32;16m![38;2;32;16;16mI[38;2;16;16;16mI:[38;2;16;16;0m,[38;2;32;16;16ml[38;2;32;32;16mi[38;2;48;32;32m+~<><[38;2;64;48;32m?[38;2;64;64;48m}[38;2;80;64;64m)[38;2;48;48;48m-[38;2;32;32;16m![38;2;48;32;32m+[38;2;48;32;16m>[38;2;32;16;16ml[38;2;16;0;0m^[38;2;16;16;0m,[38;2;48;32;16mi[38;2;32;16;16mI[38;2;16;16;0m:::[38;2;16;0;0m"[38;2;0;0;0m^``'''`[38;2;16;0;0m^^"""[38;2;16;16;16m:[38;2;32;16;16mI[38;2;16;16;16m:[38;2;0;0;0m'...............'...........................[0m
[38;2;0;0;0m..     .......................'.........'''[38;2;32;16;16mI[38;2;16;16;0m,[38;2;16;0;0m",""[38;2;32;16;0m:[38;2;16;0;0m,^^[38;2;0;0;0m`'````^^`^^^^[38;2;16;16;0m,,[38;2;0;0;0m^[38;2;16;16;16mI[38;2;32;32;48m~~[38;2;32;32;32m>[38;2;48;48;48m-[38;2;48;32;32m+[38;2;32;32;32mi>[38;2;48;32;32m~[38;2;32;32;32m>[38;2;32;32;16m![38;2;32;16;16mllI[38;2;16;16;16m:[38;2;32;32;16m!i[38;2;32;16;16m;![38;2;32;32;16mi[38;2;32;16;16mIl[38;2;32;32;16mi![38;2;16;16;16mI:[38;2;16;16;0m,,,[38;2;32;16;16mIl![38;2;32;32;16m![38;2;48;32;32m<[38;2;32;32;16mi>[38;2;48;32;32m~[38;2;48;48;48m_?[38;2;64;64;80m([38;2;32;32;48m~[38;2;16;16;16m:[38;2;32;16;16mI[38;2;16;16;0m,[38;2;16;0;0m^[38;2;0;0;0m^`^`^``````^[38;2;16;0;0m^"[38;2;16;16;0m:[38;2;32;16;0m:[38;2;16;0;0m"""""[38;2;48;32;32m>[38;2;0;0;0m'........'..................................[0m
[38;2;0;0;0m...   ...................................''[38;2;16;16;16m:[38;2;16;16;0m,[38;2;16;0;0m"[38;2;16;16;0m,:[38;2;32;16;0m;;:[38;2;16;0;0m""[38;2;0;0;0m`'''''''````^[38;2;16;0;0m^[38;2;0;0;0m^[38;2;32;32;32m!>>![38;2;16;32;32m![38;2;16;16;32ml[38;2;32;32;32m![38;2;32;16;16ml[38;2;32;32;32m>[38;2;32;32;16mi[38;2;16;16;16mI[38;2;32;16;16ml[38;2;16;16;16m;:[38;2;16;16;0m,,[38;2;16;0;0m"[38;2;16;16;16m;[38;2;32;32;32m>[38;2;32;32;16mi[38;2;16;16;16mI;[38;2;32;16;16m!!I[38;2;16;16;16m:[38;2;16;0;0m""[38;2;0;0;0m^[38;2;16;0;0m"[38;2;32;16;16ml!!!Il[38;2;32;32;32mi>[38;2;16;16;32ml[38;2;32;32;32m<[38;2;32;32;48m~[38;2;48;48;48m_[38;2;32;32;48m~[38;2;16;16;16m:[38;2;16;0;0m"[38;2;0;0;0m`''``'`'''''`[38;2;16;0;0m^[38;2;16;16;0m:[38;2;32;16;0m;[38;2;32;16;16mlI;[38;2;16;16;16m:[38;2;16;0;0m""[38;2;32;16;16mI[38;2;0;0;0m'''.............'..'........................[0m
[38;2;0;0;0m.... ...............................'.''.''''[38;2;16;0;0m"[38;2;16;16;0m:,::,[38;2;32;16;0ml;[38;2;16;16;0m:[38;2;16;0;0m^[38;2;0;0;0m`''''''''.'`[38;2;16;16;16mI[38;2;48;48;48m_-[38;2;32;16;32m![38;2;16;16;16mI:;II[38;2;32;16;16mlI[38;2;16;16;16mI;;[38;2;16;0;0m"[38;2;0;0;0m^[38;2;16;16;0m"[38;2;16;16;16m:;;I;[38;2;32;32;32mi[38;2;32;16;16ml[38;2;32;32;16m![38;2;32;16;16ml[38;2;16;16;16m:[38;2;16;16;0m,[38;2;16;16;16m:,[38;2;16;0;0m""[38;2;16;16;16m:[38;2;32;32;32m>[38;2;32;32;16mi[38;2;16;16;16m:II;:;II[38;2;32;32;32mi[38;2;16;16;16m;[38;2;0;0;0m`''''''''``^[38;2;16;0;0m^"[38;2;16;16;0m:[38;2;32;16;0m;[38;2;16;16;0m,::,:,[38;2;0;0;0m^''''''''........'.'..........................[0m
[38;2;0;0;0m................................'''.......''''`[38;2;16;16;0m,:[38;2;16;0;0m,[38;2;32;16;16m;[38;2;32;16;0m;[38;2;16;16;0m::[38;2;16;0;0m"""[38;2;0;0;0m^`''''..'`[38;2;48;32;32m+[38;2;64;64;48m{[38;2;64;48;48m}[38;2;32;32;32m>[38;2;16;16;16mI[38;2;0;0;16m"[38;2;0;16;16m"[38;2;16;16;16m:;;[38;2;32;16;16mlI[38;2;16;16;16m:[38;2;16;16;0m,",,[38;2;16;16;16mI[38;2;32;16;16mll[38;2;32;32;32m>[38;2;32;32;16m![38;2;32;32;32mi>>[38;2;32;32;16m![38;2;16;16;16m;,,[38;2;0;0;0m"[38;2;16;16;0m"[38;2;16;0;0m"[38;2;16;16;16m;[38;2;48;32;32m~[38;2;16;16;16m;;:,",,[38;2;32;16;16mI[38;2;48;48;32m__[38;2;32;32;32m>[38;2;0;0;0m`.....'''`^[38;2;16;0;0m^^"[38;2;16;16;0m::[38;2;32;16;16m;[38;2;16;16;16m:[38;2;16;16;0m:,[38;2;0;0;0m^''''..'....'.'....'............................[0m
[38;2;0;0;0m............................'.'''''........''''''[38;2;16;0;0m^[38;2;16;16;0m,,:[38;2;16;16;16m;[38;2;16;16;0m:[38;2;32;16;0m;[38;2;16;0;0m,"[38;2;0;0;0m`''''''.[38;2;16;16;16m:[38;2;32;16;16ml[38;2;16;16;16ml[38;2;32;16;16mI!I[38;2;0;0;0m^^"[38;2;16;16;16m::[38;2;32;32;16mi[38;2;32;16;16mI[38;2;16;16;0m,,""[38;2;16;16;16m;;;[38;2;32;32;16m![38;2;32;32;32mi[38;2;32;16;16m![38;2;32;32;32m![38;2;32;32;16m![38;2;32;32;32mi[38;2;48;32;32m<>[38;2;16;16;16mI[38;2;16;16;0m,[38;2;16;16;16m,[38;2;16;16;0m",[38;2;16;16;16m;[38;2;32;16;16m![38;2;16;16;16m:"[38;2;0;0;0m^`^"[38;2;16;16;16m:[38;2;32;16;16ml[38;2;16;16;16mII;"[38;2;0;0;0m''''''``[38;2;16;0;0m^[38;2;0;0;0m^[38;2;16;0;0m^[38;2;16;16;0m,[38;2;16;16;16m;[38;2;16;16;0m,[38;2;16;16;16m;[38;2;16;16;0m:[38;2;16;0;0m"[38;2;0;0;0m''''''''.......'''...'............................[0m
[38;2;0;0;0m............................'..'''''''''.''''''''''`[38;2;16;0;0m"[38;2;0;0;0m^[38;2;16;0;0m"""[38;2;16;16;0m,,[38;2;32;16;16m;[38;2;32;16;0m;[38;2;32;16;16mlI[38;2;32;16;0m;[38;2;16;0;0m^[38;2;0;0;0m^`[38;2;16;16;16m;[38;2;32;32;32mi[38;2;0;0;0m`[38;2;16;0;0m"[38;2;32;32;16m![38;2;32;16;16ml[38;2;0;0;0m"^[38;2;16;16;16m,[38;2;16;16;0m,[38;2;48;32;32m<[38;2;16;16;16mI::,[38;2;32;16;16mI[38;2;32;32;16m!i[38;2;16;16;16mII;[38;2;0;0;0m^[38;2;16;16;16mI[38;2;32;32;16m![38;2;16;16;16mI[38;2;32;16;16ml[38;2;32;32;16m![38;2;48;32;32m<[38;2;32;16;16ml[38;2;16;16;16m;[38;2;16;16;0m,,:[38;2;32;32;16m![38;2;16;16;0m"[38;2;0;0;0m"``[38;2;16;16;0m,[38;2;16;16;16mI[38;2;32;16;16ml[38;2;0;0;0m^^[38;2;16;16;16m:[38;2;16;16;0m"[38;2;0;0;0m^[38;2;16;16;0m:[38;2;32;16;16ml[38;2;16;16;0m;[38;2;48;32;16m>[38;2;32;16;0m;[38;2;16;16;0m:[38;2;32;16;16mI[38;2;16;16;0m:,[38;2;16;0;0m,,"[38;2;16;16;0m,,[38;2;0;0;0m`'''''''''''''''''.'.....''..........................[0m
[38;2;0;0;0m..............................''''''''''.'.''''''''''''[38;2;32;16;16m;[38;2;48;32;16m>i[38;2;80;48;32m?[[38;2;64;48;32m-[38;2;48;32;16m<[38;2;48;32;32m~[38;2;48;32;16m>[38;2;32;16;0m:I[38;2;32;16;16ml![38;2;48;48;48m-[38;2;32;32;32mi[38;2;16;16;16m;[38;2;64;48;48m[[38;2;48;32;32m~[38;2;16;16;16mI[38;2;0;0;0m"^"[38;2;32;32;16m![38;2;16;16;16m;;;;[38;2;32;16;16mllI[38;2;16;16;16mI::I",I[38;2;32;32;16m![38;2;32;16;16m!l!!I[38;2;16;16;16m::[38;2;32;16;16ml[38;2;16;16;0m,[38;2;0;0;0m^`[38;2;16;16;0m,[38;2;16;16;16mI[38;2;32;32;32m>[38;2;32;16;16ml[38;2;16;16;0m,,[38;2;16;16;16m:;[38;2;48;32;16mi[38;2;64;32;16m_[38;2;48;32;16m<[38;2;64;32;32m_[38;2;48;32;16m<[38;2;80;48;32m{[[38;2;64;32;16m+[38;2;80;48;32m][38;2;64;32;16m+[38;2;48;32;16mi[38;2;32;16;16m![38;2;16;16;0m:[38;2;0;0;0m''''''''''''''''''''......'............................[0m
[38;2;0;0;0m................................'''''''....''''''''''[38;2;16;0;0m"[38;2;48;32;32m~[38;2;48;32;16m>[38;2;64;48;32m-[38;2;96;64;48m)[38;2;96;64;32m1[38;2;80;48;32m}[38;2;48;32;16m~[38;2;48;32;32m~[38;2;48;32;16m>[38;2;32;16;16m![38;2;32;16;0m;;[38;2;48;32;16m>~[38;2;80;64;48m1[38;2;48;48;32m__[38;2;64;48;48m][38;2;32;32;16m![38;2;16;16;16m;[38;2;0;0;0m^^[38;2;16;16;16m:[38;2;32;16;16ml[38;2;16;16;16m:,[38;2;16;16;0m,[38;2;16;16;16m;[38;2;32;16;16m!l[38;2;16;16;16mIII;;[38;2;32;32;32mi[38;2;16;16;16mI:I[38;2;32;16;16m![38;2;32;32;32m>>[38;2;32;32;16m![38;2;32;16;16mIll[38;2;32;32;16m![38;2;16;16;16m,[38;2;0;0;0m""`[38;2;16;16;16m;;[38;2;32;16;16mIIl[38;2;16;16;16mI[38;2;32;16;16m;[38;2;64;48;32m-[38;2;48;16;16mi[38;2;32;16;0mI[38;2;64;48;32m?[38;2;64;32;32m_[38;2;64;48;32m?[38;2;112;80;48mt[38;2;80;48;32m}[38;2;64;32;16m~[38;2;96;64;48m1)[38;2;48;32;16m<>>[38;2;16;16;16m;[38;2;0;0;0m''''''''''''.'''.....................................[0m
[38;2;0;0;0m...............................''.'.'''''''''''''''`[38;2;32;32;16mi[38;2;64;32;32m+[38;2;64;48;32m?[38;2;96;64;32m1[38;2;96;64;48m)[38;2;80;48;32m[[38;2;64;32;16m_[38;2;64;48;32m?[38;2;48;32;16m>[38;2;32;16;16m![38;2;48;16;16mi[38;2;16;16;0m:,[38;2;32;16;0m:[38;2;48;16;16m![38;2;80;48;32m[[38;2;80;64;64m)[38;2;64;48;48m][38;2;48;48;32m_[38;2;32;32;16m![38;2;16;16;0m,[38;2;0;0;0m``^"[38;2;16;16;16mI[38;2;48;32;32m<[38;2;16;16;16m;I[38;2;32;16;16mI![38;2;32;32;16m![38;2;16;16;16mII;:;[38;2;16;16;32mI[38;2;32;32;32mi>[38;2;16;16;16mI;[38;2;32;16;16m![38;2;32;32;32m>[38;2;32;32;16mi[38;2;32;16;16mll[38;2;16;16;16m;[38;2;32;16;16m![38;2;16;16;16m:[38;2;0;0;0m^'''`[38;2;16;16;0m,[38;2;16;16;16m::,[38;2;48;32;16mi[38;2;64;32;16m_[38;2;32;16;0m;[38;2;16;16;0m,[38;2;48;32;16m>~~[38;2;80;48;32m[[38;2;112;80;48mf[38;2;96;64;48m|[38;2;48;32;16mi[38;2;64;48;32m-[38;2;112;64;48m|[38;2;80;48;32m[[38;2;48;32;16m>[38;2;64;48;32m?[38;2;32;32;16mi[38;2;0;0;0m''''''''''.''....''.................................[0m
[38;2;0;0;0m..............................'.'....'''''''''''''[38;2;16;16;16m;[38;2;64;48;32m--[38;2;96;64;48m(||[38;2;80;48;32m][38;2;64;32;16m_[38;2;64;32;32m_[38;2;48;32;32m~[38;2;32;16;16m;Il[38;2;32;16;0m;[38;2;16;16;0m,,[38;2;32;16;0m;[38;2;80;48;48m}[38;2;64;64;48m}[38;2;48;32;48m+[38;2;32;32;32mi[38;2;16;16;16m:[38;2;0;0;0m^"[38;2;16;16;16m,::[38;2;32;32;32m>[38;2;48;32;32m+[38;2;32;32;32m>[38;2;32;16;16ml!![38;2;16;16;16m;:[38;2;32;16;16m![38;2;32;32;32m!!!!!!i!>[38;2;32;16;16m![38;2;32;32;16m>[38;2;48;32;32m<[38;2;32;16;16m![38;2;32;32;16mi[38;2;16;16;16mI:[38;2;16;0;0m"[38;2;16;16;0m,[38;2;0;0;0m^^`^[38;2;16;16;16m,[38;2;16;16;0m"[38;2;16;0;0m"[38;2;48;32;16m<[38;2;64;48;32m?[38;2;16;0;0m,"[38;2;32;16;0m;[38;2;48;32;16m~i[38;2;64;32;32m+[38;2;96;64;48m|[38;2;128;80;48mjf[38;2;64;32;16m+<[38;2;96;48;32m}[38;2;112;64;48m\[38;2;80;48;32m[[38;2;48;32;16m~[38;2;48;32;32m~[38;2;16;16;0m,[38;2;0;0;0m'''''''..'...'''.........'........................[0m
[38;2;0;0;0m...................................''''''..''.'''[38;2;32;32;16mi[38;2;64;48;32m][38;2;80;48;32m}[38;2;96;64;48m))[38;2;80;48;32m[[38;2;64;48;32m-[38;2;48;32;16m>[38;2;64;32;32m-+[38;2;32;32;16mi[38;2;32;16;16ml!I[38;2;32;16;0m;:[38;2;16;0;0m"[38;2;32;16;0m;[38;2;80;48;48m}[38;2;48;48;32m-[38;2;16;16;16m;I[38;2;16;0;16m"[38;2;0;0;0m"[38;2;16;16;16m:Il[38;2;32;16;16ml[38;2;48;32;32m+[38;2;48;48;32m__[38;2;32;32;16mi[38;2;16;16;16m:;[38;2;32;16;16m![38;2;32;32;32m>iii[38;2;16;16;32ml[38;2;32;32;32mii!!>>[38;2;48;32;32m+<<~[38;2;48;48;32m_[38;2;32;32;16mi[38;2;16;16;16m;[38;2;16;16;0m,[38;2;16;16;16m,[38;2;16;0;0m"[38;2;0;0;0m^`^^`[38;2;16;16;16m;[38;2;64;32;16m+[38;2;48;32;16m>[38;2;16;0;0m",[38;2;32;16;0mI[38;2;32;16;16m![38;2;48;32;16m<[38;2;64;32;32m+[38;2;80;48;32m][38;2;112;64;48m/[38;2;96;48;32m{[38;2;96;64;32m)[38;2;80;48;32m[[38;2;64;32;16m+[38;2;80;48;32m][38;2;112;64;48m|[38;2;96;64;48m|[38;2;80;48;32m}[38;2;64;48;32m-[38;2;16;16;16m;[38;2;0;0;0m'''''''.'''''.....'''''.'........................[0m
[38;2;0;0;0m.................................''''''''''''''`[38;2;48;32;32m<[38;2;96;64;48m1([38;2;96;64;32m1[38;2;96;64;48m([38;2;64;32;16m-[38;2;64;32;32m_[38;2;48;32;16m>[38;2;64;32;32m-+[38;2;48;32;32m~[38;2;16;16;16m;[38;2;32;16;16mIIl[38;2;32;16;0m:;[38;2;16;0;0m",[38;2;64;48;32m?-[38;2;16;16;16m:,,,;[38;2;32;32;32m![38;2;16;16;16mI[38;2;32;16;16ml[38;2;48;32;32m+[38;2;64;48;48m[[38;2;32;32;16mi[38;2;32;16;16ml[38;2;32;32;32m>[38;2;48;32;32m~[38;2;32;32;32m<![38;2;16;16;16mI:;:[38;2;32;32;32m![38;2;16;16;32ml[38;2;32;32;32mi><![38;2;32;32;16m![38;2;32;16;16ml[38;2;48;32;32m~~[38;2;64;48;48m][38;2;48;32;32m+[38;2;32;16;16ml[38;2;16;16;16m:[38;2;16;16;0m""[38;2;0;0;0m^`''`[38;2;48;32;32m<[38;2;64;32;16m_[38;2;16;16;0m:[38;2;16;0;0m"[38;2;16;16;0m,[38;2;32;16;16mlI[38;2;48;32;16m>[38;2;32;16;16m![38;2;48;32;16m~[38;2;64;48;32m?[38;2;80;48;32m{[38;2;64;32;32m-[38;2;80;48;32m[[[38;2;64;32;16m_+[38;2;112;64;48m\[38;2;144;80;48mx[38;2;112;64;48m\[38;2;80;48;32m}[38;2;32;16;16mI[38;2;0;0;0m''''''''''...'...''.............................[0m
[38;2;0;0;0m.. ..... ... ...................'''''''''''''''[38;2;48;32;16mi[38;2;96;64;48m1[38;2;80;48;32m[[38;2;96;64;48m)\[38;2;80;48;32m]}[38;2;64;32;16m~[38;2;64;32;32m___[38;2;32;16;16m![38;2;16;16;0m::[38;2;32;16;16ml![38;2;32;16;0mI;[38;2;16;0;0m""[38;2;48;32;16m>[38;2;48;32;32m+[38;2;16;16;16m;[38;2;16;16;0m,"[38;2;16;16;16m,;,l[38;2;32;32;32mi[38;2;64;64;48m{[38;2;48;32;32m<[38;2;16;16;16m;[38;2;48;32;32m~<[38;2;32;32;32mii[38;2;16;16;32ml[38;2;16;16;16mI[38;2;16;16;32mll[38;2;32;16;32ml[38;2;32;32;32mi!><i[38;2;48;32;32m~+~[38;2;32;32;16m!i[38;2;48;32;32m~~[38;2;32;32;32m>[38;2;32;16;16ml[38;2;16;16;16m:[38;2;16;16;0m"[38;2;0;0;0m"``'[38;2;16;16;0m"[38;2;48;32;16m<[38;2;64;48;32m-[38;2;16;0;0m""[38;2;32;16;0m:[38;2;48;32;16mi[38;2;32;16;16mI![38;2;16;16;16m;[38;2;32;16;16m![38;2;48;32;16mi[38;2;64;48;32m-[38;2;80;48;32m}[38;2;64;32;32m-[38;2;80;48;32m[[[38;2;80;32;16m-[38;2;64;32;16m_[38;2;112;64;48m\[38;2;112;80;48mt[38;2;96;64;32m)[38;2;80;48;48m{[38;2;32;16;16ml[38;2;0;0;0m'''''''''''''''''''............................[0m
[38;2;0;0;0m.. ......... ...............'.''''''''''''''''[38;2;16;16;0m,[38;2;80;64;48m{[38;2;80;48;32m}}{}[[38;2;64;32;32m-[38;2;48;32;16m~[38;2;64;48;32m-[38;2;48;32;32m~_[38;2;32;16;16mI[38;2;16;16;0m,,[38;2;32;16;16m;!II[38;2;16;0;0m""[38;2;48;32;16m~i[38;2;32;16;16mI[38;2;16;16;16m;[38;2;0;0;0m^[38;2;16;16;16m:[38;2;16;16;0m,[38;2;16;16;16m;[38;2;32;32;32m>[38;2;48;48;48m-[38;2;64;48;48m][38;2;32;32;16mi[38;2;48;32;32m~[38;2;48;48;32m_[38;2;32;32;32m<i>![38;2;32;16;32ml[38;2;32;32;32mi[38;2;32;16;32ml[38;2;16;16;32ml[38;2;32;32;32m!i!>i<<[38;2;48;32;32m~[38;2;64;48;48m][38;2;48;32;32m~[38;2;32;16;16mIl[38;2;32;32;16mi[38;2;32;16;16ml[38;2;16;16;16mI,[38;2;0;0;0m^"`[38;2;16;0;0m"[38;2;32;16;16m!![38;2;48;32;16m<[38;2;16;0;0m"[38;2;16;16;0m:[38;2;32;16;0mI[38;2;48;32;16mi[38;2;16;16;0m:[38;2;32;16;16m;[38;2;16;16;16m;[38;2;16;16;0m,[38;2;32;16;16m![38;2;48;32;32m+[38;2;64;32;16m+[38;2;64;48;32m?[38;2;64;32;16m+[38;2;80;48;32m}[38;2;48;32;16m<[38;2;64;32;16m~~[38;2;80;48;32m[[38;2;96;64;32m1[38;2;96;64;48m(\[38;2;16;0;0m"[38;2;0;0;0m''''''''''''''''''....'.......................[0m
[38;2;0;0;0m.....  .. ....................'.'.'''''''''''`[38;2;64;48;32m-[38;2;96;64;48m)[38;2;96;48;32m{[38;2;80;48;32m}[38;2;64;48;32m?[38;2;64;32;16m~[38;2;64;48;32m-[38;2;48;32;16m<~>[38;2;48;32;32m~[38;2;32;16;16m![38;2;16;16;0m,[38;2;16;16;16m:;[38;2;32;16;16mIl;[38;2;16;16;0m;,[38;2;16;0;0m^[38;2;32;16;16m;ll[38;2;32;32;16m>[38;2;32;16;16ml[38;2;32;32;16mi[38;2;32;16;16mI[38;2;32;32;16m![38;2;32;32;32m>[38;2;48;48;48m-[38;2;48;32;32m<[38;2;32;32;32m><[38;2;48;32;32m+~[38;2;32;32;32m<![38;2;16;16;32mll[38;2;16;16;16mI[38;2;16;16;32mI[38;2;16;16;16m;[38;2;16;16;32ml[38;2;32;32;32m!>><<[38;2;32;16;32ml[38;2;32;32;32m>[38;2;48;48;48m_[38;2;80;64;48m{[38;2;64;48;48m}[38;2;32;32;32m>[38;2;16;16;16m:[38;2;0;0;0m"[38;2;16;16;0m,,,[38;2;16;0;0m""[38;2;32;16;16mI[38;2;32;16;0mI[38;2;32;16;16mll[38;2;0;0;0m`[38;2;16;16;0m,[38;2;32;16;0m;[38;2;32;16;16m![38;2;16;16;16mI;[38;2;32;16;16ml[38;2;16;0;0m"[38;2;16;16;16m;[38;2;48;32;16m<<><<[38;2;64;32;16m~[38;2;48;16;16m![38;2;48;32;16m>[38;2;64;32;16m~[38;2;96;64;48m|[38;2;96;64;32m))[38;2;80;48;48m}[38;2;0;0;0m`''''''''''...'.'.'''.........................[0m
[38;2;0;0;0m..  ............................'''''''''''''[38;2;48;32;16mi[38;2;64;48;32m?[38;2;80;48;32m[[38;2;96;48;32m{[38;2;80;48;32m[[38;2;48;32;16m>[38;2;64;48;32m-[38;2;48;16;16mi[38;2;48;32;16m<i<[38;2;48;32;32m>[38;2;32;16;16ml[38;2;16;0;0m"[38;2;16;16;16m:I:[38;2;32;16;16mI![38;2;16;16;0m::[38;2;16;0;0m"[38;2;16;16;0m,[38;2;32;16;0mII[38;2;48;32;16mi>[38;2;32;32;16m![38;2;16;16;16m:[38;2;16;16;0m,[38;2;16;16;16mI[38;2;48;32;48m+[38;2;48;48;48m?[38;2;48;32;32m+[38;2;48;48;48m-[38;2;48;32;32m~[38;2;32;32;32mi[38;2;32;16;32m![38;2;32;32;32m!>>>ii[38;2;16;16;32ml[38;2;32;32;32mi>[38;2;32;32;48m~[38;2;48;48;48m_[38;2;48;32;32m~[38;2;32;32;32m>[38;2;32;32;16m![38;2;48;48;32m+[38;2;64;48;48m][38;2;80;64;64m|[38;2;48;48;48m-[38;2;16;16;16mI[38;2;16;16;0m"[38;2;0;0;0m"[38;2;16;16;0m:,,,[38;2;32;16;0m;[38;2;32;16;16mII;[38;2;0;0;0m`[38;2;16;0;0m"[38;2;32;16;16ml![38;2;16;16;16m:[38;2;16;16;0m:[38;2;32;16;16ml[38;2;16;16;0m,,[38;2;32;16;16mI[38;2;48;32;16m<[38;2;48;32;32m~[38;2;48;32;16m~[38;2;64;32;16m_[38;2;48;32;16m<>>[38;2;64;32;16m+[38;2;96;48;32m{[38;2;112;80;48mf[38;2;96;64;32m1[38;2;64;32;32m_[38;2;48;32;16m<[38;2;0;0;0m'''''''.'.'''''''.'.'................ .......[0m
[38;2;0;0;0m.     ...........................'''''''''''[38;2;32;16;16mI[38;2;64;32;32m_[38;2;64;48;32m-[38;2;80;48;32m?[38;2;48;32;16m<[38;2;48;16;16mi[38;2;64;32;16m~[38;2;48;32;16m><~>>[38;2;32;16;16m![38;2;16;16;16mI[38;2;16;0;0m"[38;2;16;16;16m,:::[38;2;32;16;16mI;l[38;2;16;16;0m:[38;2;16;0;0m,[38;2;32;16;16mI[38;2;32;16;0m;[38;2;32;16;16mll[38;2;48;32;32m+[38;2;32;16;16ml[38;2;16;16;16mI[38;2;48;32;32m~[38;2;32;32;32m<[38;2;48;32;48m+[38;2;48;48;48m?[38;2;32;32;32m<[38;2;48;32;32m+[38;2;32;32;32m<>![38;2;16;16;16mI[38;2;16;16;32ml[38;2;16;16;16mI[38;2;16;16;32mll[38;2;32;32;32mi[38;2;16;16;32ml[38;2;32;32;32m![38;2;16;16;32ml[38;2;32;16;32m![38;2;48;32;48m+[38;2;48;32;32m+[38;2;48;48;48m-[38;2;64;48;48m]}[38;2;48;48;48m-[38;2;48;32;32m<[38;2;32;32;32mi[38;2;32;16;16ml[38;2;16;16;16mI:[38;2;32;32;16m![38;2;0;0;0m^[38;2;16;0;0m"[38;2;16;16;0m;:[38;2;32;16;0m;[38;2;16;0;0m"^[38;2;16;16;0m:[38;2;48;16;16mi[38;2;32;16;16ml[38;2;16;16;0m::[38;2;16;16;16m;[38;2;16;16;0m,[38;2;16;0;0m"[38;2;32;16;16mIl[38;2;48;32;16mi[38;2;48;16;16m![38;2;64;32;32m-[38;2;80;48;32m?[38;2;64;32;16m~[38;2;48;32;16m<[38;2;48;16;0m![38;2;64;32;16m~[38;2;80;48;16m?[38;2;96;64;48m|[38;2;96;64;32m)[38;2;80;48;32m][38;2;32;16;16m![38;2;0;0;0m'''..''..'.'''''............................[0m
[38;2;0;0;0m..  .   .........................''.'''''''`[38;2;48;32;32m+[38;2;64;48;32m?[38;2;80;48;32m{[38;2;48;32;16m>><>[38;2;32;16;0ml[38;2;48;32;16m<~[38;2;48;32;32m~[38;2;48;32;16m>[38;2;32;16;16mI[38;2;16;16;16m:[38;2;16;16;0m,,[38;2;16;16;16m;;;[38;2;32;16;16mII[38;2;32;16;0m;;[38;2;16;16;0m,[38;2;16;0;0m"[38;2;16;16;0m;,[38;2;32;16;16mI[38;2;32;32;16mi[38;2;48;32;32m~[38;2;64;48;48m?[38;2;48;32;32m~[38;2;32;32;32m<[38;2;48;32;48m~[38;2;32;32;32mi<i!!ii>i[38;2;32;16;32m![38;2;32;32;32m!i><<~[38;2;48;32;48m~[38;2;48;32;32m~[38;2;32;32;32m!i[38;2;48;48;48m_[38;2;48;32;32m~~~[38;2;32;32;32m![38;2;32;16;16mll[38;2;16;16;16m;[38;2;16;16;0m:,:,:[38;2;0;0;0m^[38;2;16;0;0m"[38;2;16;16;0m:[38;2;32;16;16m!![38;2;16;16;16m:[38;2;16;16;0m,[38;2;16;16;16m::[38;2;16;16;0m,[38;2;16;16;16m:[38;2;32;16;16mI[38;2;32;32;16mi[38;2;48;32;16m>i[38;2;80;48;32m][38;2;48;32;16m<[38;2;48;16;16mi[38;2;48;32;16m><[38;2;48;16;16mi[38;2;64;32;16m+[38;2;96;64;32m1[38;2;96;64;48m([38;2;64;48;32m][38;2;16;0;0m^[38;2;0;0;0m''..''''''''......'................... ....[0m
[38;2;0;0;0m..  .   ..........................'..''.'''[38;2;32;16;16mI[38;2;64;48;32m??[38;2;48;32;16m<[38;2;48;16;16m!![38;2;64;32;16m+[38;2;48;32;16m>i[38;2;64;32;32m_[38;2;48;32;16m>[38;2;48;32;32m<[38;2;32;16;16m![38;2;16;16;16m::[38;2;16;16;0m,[38;2;16;16;16m,,;[38;2;32;16;16mIl[38;2;32;32;16mi[38;2;32;16;16mI[38;2;32;16;0mI[38;2;16;16;0m:[38;2;16;0;0m"[38;2;16;16;0m;,:,[38;2;48;48;32m_[38;2;32;32;32m<><[38;2;48;48;48m]_[38;2;48;32;32m~[38;2;48;32;48m+[38;2;64;48;48m?][38;2;48;32;48m+[38;2;32;32;32m<![38;2;32;16;32m![38;2;16;16;32mll[38;2;32;32;32m><[38;2;48;48;48m+_-_[38;2;48;32;32m+[38;2;48;48;48m__--[38;2;32;32;32m>><i[38;2;16;16;16m;[38;2;16;16;0m:[38;2;32;16;16mI[38;2;16;16;0m:[38;2;16;0;0m,[38;2;16;16;0m;[38;2;16;0;0m"[38;2;0;0;0m^[38;2;16;0;0m"[38;2;16;16;0m:[38;2;32;16;16m![38;2;32;32;16m![38;2;16;16;16m;,[38;2;16;16;0m"[38;2;16;16;16m::::[38;2;32;16;16ml[38;2;48;32;16mi[38;2;32;16;16ml[38;2;48;32;16m~[38;2;64;32;16m+[38;2;48;16;16m![38;2;48;32;16m<>>[38;2;32;16;0ml[38;2;64;32;16m+[38;2;80;48;32m][38;2;80;64;48m{[38;2;64;48;32m-[38;2;0;0;0m''''''..''''''..................... . .....[0m
[38;2;0;0;0m..    .....   ............................`[38;2;48;32;16m<[38;2;64;48;32m?[38;2;64;32;16m_[38;2;48;16;0ml[38;2;48;16;16m![38;2;32;16;16ml[38;2;48;32;16m<[38;2;32;16;16m![38;2;48;32;16m>[38;2;64;32;32m-[38;2;48;32;16m<[38;2;48;32;32m<[38;2;16;16;16m::,,;,[38;2;32;16;16mI[38;2;16;16;16mII[38;2;32;16;16m!l!I[38;2;16;16;0m,,[38;2;32;16;0m;[38;2;16;16;0m:,[38;2;32;16;16ml[38;2;32;32;32m>[38;2;32;16;16ml[38;2;48;48;48m-[38;2;80;64;64m1[38;2;96;80;80mt[38;2;112;96;80mnx[38;2;96;80;64mt[38;2;96;64;64m\[38;2;80;48;48m}[38;2;48;32;32m_[38;2;32;32;32m>i[38;2;16;16;16mI;:,;[38;2;32;32;32m!>[38;2;48;48;32m_[38;2;80;64;64m([38;2;96;80;64m/\[38;2;112;80;80mj[38;2;112;96;80mr[38;2;80;64;64m)[38;2;48;32;32m~[38;2;16;16;16m;[38;2;32;32;32m![38;2;16;16;16m;[38;2;16;16;0m,,,[38;2;16;0;0m"[38;2;16;16;0m,[38;2;16;0;0m^^[38;2;16;16;0m,[38;2;32;16;16mIll[38;2;16;16;16m;;,;::::[38;2;32;16;16m!I[38;2;48;32;16mi[38;2;64;32;32m_[38;2;32;16;16mI[38;2;48;16;16miii![38;2;64;32;16m~[38;2;80;48;32m?[[38;2;80;48;48m{[38;2;16;16;0m:[38;2;0;0;0m'''''''''......................... ...  ..[0m
[38;2;0;0;0m..... .....   ...........................'[38;2;16;16;16m:[38;2;48;32;16m>[38;2;64;32;32m_[38;2;32;16;0mIl[38;2;32;16;16m![38;2;48;32;16m<[38;2;48;16;16m![38;2;32;16;16ml[38;2;48;32;16mi[38;2;48;16;16m![38;2;48;32;16mi[38;2;32;16;16mI[38;2;16;16;16m;:,,,,::;;[38;2;32;16;16m!lI[38;2;16;16;0m:[38;2;16;0;0m"[38;2;16;16;0m:::[38;2;32;16;16mI[38;2;32;32;32m![38;2;16;16;16ml[38;2;64;48;64m}[38;2;112;80;80mj[38;2;80;64;48m{[38;2;64;48;48m[[38;2;80;64;64m|[38;2;64;48;48m][38;2;80;64;48m{1)[38;2;80;48;48m}[38;2;64;48;32m-[38;2;48;32;32m<[38;2;32;32;32m>[38;2;32;16;16ml[38;2;48;32;32m~~_[38;2;64;48;48m[[38;2;64;48;32m?-[38;2;48;32;32m+~[38;2;64;64;48m{[38;2;48;32;16m<[38;2;80;64;48m)[38;2;80;64;64m)[38;2;32;16;16ml[38;2;16;16;16m;I;[38;2;16;0;0m"""^[38;2;0;0;0m`[38;2;16;0;0m^[38;2;16;16;0m:[38;2;32;16;16mll[38;2;16;16;16m;:[38;2;16;16;0m,[38;2;16;16;16m,,[38;2;16;16;0m",[38;2;16;16;16m;[38;2;16;16;0m:[38;2;32;16;16mlII[38;2;64;32;32m_[38;2;32;16;16ml[38;2;32;16;0mI[38;2;48;32;16m<>[38;2;48;16;16m!i[38;2;64;32;16m~[38;2;80;48;32m[[38;2;64;48;32m-[38;2;48;32;16m>[38;2;0;0;0m''....'''''...........................  ..[0m
[38;2;0;0;0m.....  ....  .   ........................'[38;2;32;16;16m![38;2;48;32;16m<>[38;2;32;16;0mlI[38;2;48;16;16mi[38;2;48;32;16m<[38;2;48;16;16mi[38;2;32;16;16ml!!l[38;2;16;16;16m;:[38;2;16;16;0m"[38;2;16;16;16m:,[38;2;0;0;0m"[38;2;16;16;16m,,:,:[38;2;32;16;16mllI[38;2;16;16;0m;"[38;2;16;0;0m"[38;2;16;16;0m,[38;2;16;0;0m,[38;2;32;16;16ml[38;2;16;16;16m;[38;2;32;32;32m<[38;2;96;80;64m/[38;2;64;48;32m-[38;2;16;16;0m"[38;2;16;16;16m,[38;2;96;96;96mx[38;2;112;96;96muxn[38;2;112;96;80mr[38;2;80;80;80m\[38;2;96;80;80mt[38;2;80;80;64m|[38;2;80;80;80m/[38;2;64;64;64m}[38;2;80;64;64m)([38;2;64;64;64m{{[38;2;80;80;80m\[38;2;96;80;80mtt[38;2;112;96;96mn[38;2;80;64;64m)[38;2;0;0;0m'[38;2;16;0;0m"[38;2;80;48;48m}[38;2;64;48;48m[[38;2;16;16;16mI,[38;2;16;16;0m:[38;2;16;0;0m""[38;2;0;0;0m^^`[38;2;16;0;0m"[38;2;32;16;16m;lI[38;2;16;16;16m:;[38;2;16;16;0m,,,[38;2;16;0;0m"[38;2;16;16;0m,[38;2;16;16;16m::[38;2;16;16;0m,[38;2;32;16;16ml[38;2;32;16;0m;[38;2;64;32;32m+[38;2;64;32;16m~[38;2;32;16;16ml[38;2;48;16;16m![38;2;64;32;16m~~[38;2;48;32;16mi[38;2;48;16;0ml[38;2;64;48;32m-][38;2;48;32;16m<[38;2;0;0;0m`..'..'''''...............................[0m
[38;2;0;0;0m.....   ...    ....  ....................`[38;2;32;16;16ml[38;2;48;32;16m>[38;2;32;16;0mIII[38;2;48;32;16m><[38;2;48;16;16m![38;2;32;16;16m![38;2;32;16;0mI[38;2;32;16;16ml[38;2;16;16;16m;[38;2;16;16;0m,[38;2;16;0;0m"[38;2;16;16;16m,[38;2;16;0;16m""[38;2;0;0;0m^[38;2;16;0;0m"[38;2;16;0;16m"[38;2;16;16;16m:[38;2;16;16;0m"[38;2;16;16;16m;:I[38;2;32;16;16mII[38;2;16;16;0m,[38;2;0;0;0m`[38;2;16;0;0m"""[38;2;32;32;32m>[38;2;48;48;48m-[38;2;64;48;48m][38;2;32;16;16m![38;2;16;16;16m:[38;2;0;0;0m^`[38;2;16;16;0m,[38;2;32;32;16mi[38;2;64;48;48m][38;2;96;80;80mt[38;2;112;96;80mx[38;2;96;80;80mjf[38;2;80;64;64m|[38;2;80;80;64m\[38;2;112;96;96mx[38;2;80;80;64m|\[38;2;80;64;64m(1[38;2;64;48;32m-[38;2;32;16;16m![38;2;16;0;0m"[38;2;0;0;0m``[38;2;16;16;0m,[38;2;48;32;16m>[38;2;64;48;32m][38;2;32;32;32m>[38;2;16;16;0m,[38;2;16;0;0m""[38;2;0;0;0m^``[38;2;16;0;0m^[38;2;16;16;0m,[38;2;32;16;16mlI[38;2;16;16;16m;[38;2;16;16;0m"[38;2;16;16;16m:[38;2;16;16;0m,,[38;2;16;0;0m"[38;2;16;16;0m,,[38;2;16;16;16m:;[38;2;16;0;0m"[38;2;32;16;16mIl[38;2;48;32;16mi[38;2;64;32;16m~[38;2;32;16;16m![38;2;48;16;16m![38;2;64;32;16m~+[38;2;48;16;0m![38;2;48;16;16m![38;2;48;32;16m<[38;2;80;48;32m][38;2;48;32;16m<[38;2;16;16;0m:[38;2;0;0;0m''''.'...................................[0m
[38;2;0;0;0m.. ......... ....   .....................[38;2;16;0;0m"[38;2;32;16;16ml[38;2;48;32;16m<[38;2;32;16;0m;:;l[38;2;48;16;0m![38;2;32;16;0mI[38;2;32;16;16mlll[38;2;16;16;0m,[38;2;16;0;0m^[38;2;16;16;0m,[38;2;16;0;0m"[38;2;0;0;0m`^^"[38;2;16;16;16m"[38;2;16;0;0m""[38;2;16;16;16m,[38;2;16;16;0m,[38;2;16;16;16m:I[38;2;32;16;16ml[38;2;16;16;16m:[38;2;0;0;0m^``[38;2;16;0;0m"[38;2;32;32;32m>[38;2;48;32;32m+[38;2;32;32;32m>[38;2;16;16;16mI[38;2;16;16;0m,[38;2;16;0;0m"[38;2;16;16;0m"[38;2;0;0;0m^`[38;2;32;16;16mI[38;2;48;32;16m>[38;2;32;32;16mi[38;2;48;32;16m<[38;2;48;32;32m<[38;2;48;48;32m+[38;2;32;32;16m>>[38;2;48;48;32m-[38;2;48;32;32m~[38;2;32;32;16m>[38;2;32;16;16ml[38;2;16;16;0m,[38;2;0;0;0m''`"[38;2;16;16;0m:[38;2;32;16;16ml[38;2;48;32;32m_+[38;2;16;16;16m:[38;2;16;0;0m"[38;2;0;0;0m^`'`[38;2;16;0;0m"[38;2;32;16;0m;[38;2;32;16;16mll[38;2;16;16;0m,[38;2;0;0;0m^[38;2;16;16;16m:[38;2;16;16;0m,"[38;2;16;0;0m""[38;2;16;16;0m",[38;2;16;16;16m;[38;2;16;0;0m^"[38;2;32;16;16mII[38;2;48;32;16m>[38;2;32;16;16ml[38;2;32;16;0mI[38;2;48;16;16m!i[38;2;32;16;0mII[38;2;48;16;16mi[38;2;64;32;32m_[38;2;64;48;32m?[38;2;32;16;16mI[38;2;0;0;0m''............................. ..   ....[0m
[38;2;0;0;0m..    ....  .   ..  ..  .    ............[38;2;16;0;0m,[38;2;48;32;16mi>[38;2;16;0;0m,"[38;2;16;16;0m:[38;2;32;16;0m;[38;2;48;16;16m![38;2;32;16;0mI[38;2;32;16;16ml[38;2;48;32;16m>[38;2;32;16;16mI[38;2;16;16;0m,,"[38;2;0;0;0m"^"^^[38;2;0;0;16m"[38;2;0;0;0m^[38;2;16;0;0m"[38;2;0;0;0m^[38;2;16;16;16m:[38;2;16;16;0m"[38;2;16;16;16m;[38;2;32;16;16mI[38;2;16;16;0m:[38;2;16;0;0m"[38;2;0;0;0m`'^[38;2;32;32;32mi[38;2;32;16;32ml[38;2;16;16;16m,[38;2;16;16;0m,[38;2;16;16;16m:[38;2;48;48;48m_[38;2;64;48;64m[[38;2;48;48;48m?[38;2;48;32;48m+[38;2;64;64;64m{[38;2;32;16;16m!;l!II[38;2;32;32;16m![38;2;32;16;16ml[38;2;16;16;0m:[38;2;32;16;16mI[38;2;32;32;16m>[38;2;32;32;32m>[38;2;16;16;16mIIl[38;2;16;16;0m,::[38;2;16;16;16m;[38;2;32;16;16ml[38;2;16;16;0m,[38;2;16;0;0m^[38;2;0;0;0m`''[38;2;16;0;0m^[38;2;16;16;0m,[38;2;32;16;16mII[38;2;16;16;16m;,[38;2;0;0;0m^[38;2;16;16;16m:[38;2;16;16;0m"[38;2;16;0;0m"""[38;2;16;16;0m,[38;2;16;16;16m:;:[38;2;16;16;0m,[38;2;16;0;0m,[38;2;32;16;16m![38;2;48;32;16m~<[38;2;48;16;16m![38;2;32;16;0mlII[38;2;16;0;0m,[38;2;32;16;0m:[38;2;32;16;16m![38;2;48;32;32m+[38;2;32;16;16m;[38;2;0;0;0m'............................    ..  ....[0m
[38;2;0;0;0m..              .   .....  .............'[38;2;16;16;0m:[38;2;48;32;32m<[38;2;32;16;16ml[38;2;16;0;0m,,[38;2;32;16;0m:I[38;2;48;32;16m>[38;2;32;16;16m!l![38;2;16;16;16m:[38;2;16;16;0m,[38;2;16;16;16m:[38;2;16;0;0m"[38;2;0;0;0m^[38;2;16;16;0m"[38;2;0;0;0m^^^"^"[38;2;16;16;16m"[38;2;0;0;0m""[38;2;16;16;0m,[38;2;32;16;16mI[38;2;16;16;16mI[38;2;16;16;0m"[38;2;16;0;0m^[38;2;0;0;0m''[38;2;32;16;16ml[38;2;32;32;32m![38;2;16;16;16m,,[38;2;16;16;0m,[38;2;48;32;32m~[38;2;48;48;32m_[38;2;80;64;64m)[38;2;64;64;48m}[38;2;32;32;16m![38;2;16;16;16m;[38;2;16;16;0m:::;,,::,;[38;2;48;32;32m+[38;2;64;48;48m][38;2;48;48;32m_[38;2;32;16;16ml[38;2;16;16;16m;::::[38;2;0;0;0m`'''`[38;2;16;16;0m:[38;2;16;16;16m:;;,[38;2;16;0;0m"[38;2;0;0;0m^[38;2;16;16;16m,[38;2;16;16;0m,,[38;2;16;0;0m^"[38;2;16;16;0m""[38;2;16;16;16m:;[38;2;32;16;16mI[38;2;16;16;16m;[38;2;32;16;16mI![38;2;48;32;16mi><i[38;2;32;16;0mI[38;2;16;0;0m"^[38;2;32;16;0m;[38;2;48;32;32m~[38;2;32;16;16m;[38;2;0;0;0m'........................... ...    .....[0m
[38;2;0;0;0m..  .      .    ...   ..................`[38;2;16;16;0m:[38;2;32;16;16ml[38;2;32;16;0m:[38;2;16;0;0m,,[38;2;32;16;0m;lII[38;2;32;16;16m!l[38;2;16;16;16m;[38;2;16;16;0m,,[38;2;0;0;0m"^"^^`"^`^"^[38;2;16;16;0m"[38;2;16;16;16m;[38;2;32;16;16mI[38;2;16;16;16m:[38;2;16;16;0m,[38;2;0;0;0m^'[38;2;16;16;16m:l:[38;2;0;0;0m""[38;2;16;16;0m,,:;,,"[38;2;16;0;0m""""[38;2;16;16;0m"[38;2;16;0;0m"[38;2;16;16;0m""",;:,,"[38;2;0;0;0m^[38;2;16;16;16m,[38;2;16;16;0m,[38;2;0;0;0m'''`[38;2;16;16;0m":[38;2;16;16;16mI;:[38;2;16;16;0m,[38;2;0;0;0m^`[38;2;16;16;16m,[38;2;0;0;0m^"^^[38;2;16;0;0m"[38;2;0;0;0m^[38;2;16;0;0m"[38;2;16;16;16m::;[38;2;32;16;16m;I[38;2;48;32;16mi[38;2;32;16;16m![38;2;48;16;16m![38;2;32;16;0ml[38;2;32;16;16ml[38;2;32;16;0m:[38;2;16;0;0m,[38;2;32;16;0m:[38;2;48;16;16mi[38;2;16;16;0m:[38;2;0;0;0m`................................   .....[0m
[38;2;0;0;0m..  .    ...    .  ......   ............'[38;2;16;16;0m:[38;2;32;16;16mI[38;2;16;0;0m"^[38;2;16;16;0m,[38;2;16;0;0m,[38;2;32;16;0m::;[38;2;32;16;16mll[38;2;16;16;0m,,[38;2;16;0;0m"[38;2;0;0;0m^^^^^`````^^[38;2;16;16;0m"[38;2;16;16;16m:;[38;2;16;16;0m,[38;2;16;16;16m,:[38;2;0;0;0m^'``'``^[38;2;16;0;0m""^^[38;2;0;0;0m^[38;2;16;0;0m^[38;2;0;0;0m^^^^[38;2;16;0;0m^[38;2;0;0;0m^^[38;2;16;0;0m^^""[38;2;0;0;0m`'`'``''`[38;2;16;16;0m,[38;2;16;16;16m:[38;2;16;0;0m"[38;2;16;16;0m,[38;2;16;16;16m:[38;2;16;16;0m"[38;2;0;0;0m^^^[38;2;16;0;0m"[38;2;0;0;0m^`^[38;2;16;0;0m"[38;2;0;0;0m^^^[38;2;16;16;0m,[38;2;16;0;0m"[38;2;16;16;0m:::[38;2;32;16;16mI[38;2;32;16;0mII:I[38;2;16;0;0m,""[38;2;32;16;0m;;[38;2;0;0;0m`'............................... .......[0m
[38;2;0;0;0m..      . ..    .   ...     ............'[38;2;32;16;16mI[38;2;16;16;16m;[38;2;16;0;0m^^"^",,[38;2;32;16;0mI;[38;2;16;16;0m,[38;2;16;0;0m"[38;2;0;0;0m^^`^```''`^`^"[38;2;16;16;0m",[38;2;16;16;16m:[38;2;16;16;0m"[38;2;16;16;16m:[38;2;16;16;0m,[38;2;0;0;0m^'''''.'[38;2;16;0;0m^"[38;2;16;16;0m"[38;2;16;0;0m"""^[38;2;0;0;0m^[38;2;16;16;0m"[38;2;16;0;0m""[38;2;16;16;0m""[38;2;16;0;0m"^[38;2;0;0;0m`'''.''.^[38;2;16;0;0m"[38;2;16;16;16m:[38;2;16;0;0m^[38;2;16;16;0m,,,[38;2;16;0;0m"[38;2;0;0;0m^`^````^^^^^[38;2;16;0;0m"^[38;2;16;16;0m:[38;2;16;0;0m"[38;2;32;16;0m:I[38;2;16;16;0m,[38;2;16;0;0m^,^^^[38;2;16;16;0m:[38;2;32;32;16m![38;2;0;0;0m`.............................    .......[0m
[38;2;0;0;0m..    ..   ..   .    ...     ...........'[38;2;16;16;0m,[38;2;16;16;16m;[38;2;16;0;0m""^^",,[38;2;32;16;0mI[38;2;16;0;0m,,[38;2;0;0;0m``^``'`'''``^^[38;2;16;16;16m",[38;2;0;0;0m"^[38;2;16;16;0m,,,[38;2;16;0;0m"[38;2;0;0;0m`.'...'..'''.....'''.'.....''`[38;2;16;0;0m^[38;2;16;16;0m"[38;2;0;0;0m^[38;2;16;0;0m"[38;2;16;16;0m,[38;2;0;0;0m`[38;2;16;0;0m"[38;2;0;0;0m^^^^`'`````^``[38;2;16;0;0m^"""[38;2;32;16;0mI[38;2;16;0;0m"[38;2;0;0;0m`[38;2;16;0;0m"""^[38;2;16;16;0m:[38;2;32;16;16mI[38;2;0;0;0m'............................     .......[0m
[38;2;0;0;0m..    .   .  .....    ..................'^[38;2;16;16;0m:[38;2;16;0;0m^^^""^"[38;2;16;16;0m:[38;2;16;0;0m"^[38;2;0;0;0m```''''````^^[38;2;16;16;16m,[38;2;0;0;0m""[38;2;16;16;16m,[38;2;0;0;0m^`[38;2;16;16;0m,[38;2;16;16;16m,[38;2;16;0;0m^"[38;2;0;0;0m'''.......''.....'........'`[38;2;16;0;0m""[38;2;0;0;0m^^``^^`^^``'``````^`[38;2;16;0;0m^"""[38;2;32;16;0m:[38;2;16;0;0m"^""^^[38;2;16;16;0m,[38;2;16;16;16m,[38;2;0;0;0m............................. ...........[0m
[38;2;0;0;0m..    .     .... .    ...................'[38;2;16;0;0m^"[38;2;0;0;0m`'`[38;2;16;0;0m^`^,"[38;2;0;0;0m````''''``^`[38;2;0;0;16m"[38;2;0;0;0m^[38;2;0;0;16m"[38;2;16;16;16m"[38;2;0;0;0m^"^``[38;2;16;16;0m""[38;2;0;0;0m`^'''......^`'...'`.......''[38;2;16;0;0m"[38;2;0;0;0m`^^''^```^``'``''.''``^[38;2;16;0;0m^""[38;2;16;16;0m:[38;2;16;0;0m"[38;2;0;0;0m`[38;2;16;0;0m^`^^[38;2;16;16;0m,[38;2;0;0;0m'.'........................... .. ........[0m
[38;2;0;0;0m....          ..  . ....... ... ..........`[38;2;16;0;0m"[38;2;0;0;0m`'`[38;2;16;0;0m,^[38;2;0;0;0m`[38;2;16;0;0m"[38;2;0;0;0m```''''``^````^^[38;2;0;0;16m""[38;2;0;0;0m^^`'`^^`^.'......`^`..^^`'.......^``'..'``'`^```'''''..'`^`[38;2;16;0;0m^"[38;2;16;16;0m:[38;2;16;0;0m`[38;2;0;0;0m`[38;2;16;0;0m^^[38;2;0;0;0m^[38;2;16;16;0m,[38;2;16;0;0m^[38;2;0;0;0m'...........................     ... .....[0m
[38;2;0;0;0m....    .     ...... .... .................`^'.`[38;2;16;0;0m^[38;2;0;0;0m'[38;2;16;0;0m^^[38;2;0;0;0m`''..'```'''`'`^^^^^`'.`'''........`'..'`........''.....''`'`'`.'.'''....'`'[38;2;16;0;0m^,"`[38;2;0;0;0m`'[38;2;16;0;0m"[38;2;16;16;0m,[38;2;16;0;0m"[38;2;0;0;0m'......................... ...  ...........[0m
[38;2;0;0;0m....         ..............................'''..`.````'..'````''''''^``'''....'......................'.......'''''...'''''...''````'''^[38;2;16;0;0m^[38;2;0;0;0m`.......................... ................[0m
[38;2;0;0;0m....       .................................''.'..'```'...'`''''''..''''.......'..............................'''.....''''..'.''''..''''............................................[0m
[38;2;0;0;0m..       .  ... .............................'......'''....''''................''.....................................'.'.....'...  .''.........................................  .[0m
[38;2;0;0;0m..        ..  ...................................   ............................'............ ...................................   ...................................... ...    .[0m
 [38;2;0;0;0m.             ...................................   .  .''...................................................................  . ..'............................... ..  .   .  . .[0m
